
0.000000000 2.000000000 
3.7500000000E-2 1.926388835 
7.5000000000E-2 1.855486973 
0.1125000000 1.787194694 
0.1500000000 1.721415953 
0.1875000000 1.658058236 
0.2250000000 1.597032438 
0.2625000000 1.538252729 
0.3000000000 1.481636441 
0.3375000000 1.427103949 
0.3750000000 1.374578558 
0.4125000000 1.323986393 
0.4500000000 1.275256303 
0.4875000000 1.228319752 
0.5250000000 1.183110729 
0.5625000000 1.139565649 
0.6000000000 1.097623272 
0.6375000000 1.057224609 
0.6750000000 1.018312841 
0.7125000000 0.9808332442 
0.7500000000 0.9447331055 
0.7875000000 0.9099616534 
0.8250000000 0.8764699849 
0.8625000000 0.8442109968 
0.9000000000 0.8131393195 
0.9375000000 0.7832112534 
0.9750000000 0.7543847071 
1.012500000 0.7266191387 
1.050000000 0.6998754982 
1.087500000 0.6741161730 
1.125000000 0.6493049347 
1.162500000 0.6254068885 
1.200000000 0.6023884238 
1.237500000 0.5802171671 
1.275000000 0.5588619364 
1.312500000 0.5382926975 
1.350000000 0.5184805213 
1.387500000 0.4993975438 
1.425000000 0.4810169264 
1.462500000 0.4633128184 
1.500000000 0.4462603203 
1.537500000 0.4298354494 
1.575000000 0.4140151054 
1.612500000 0.3987770383 
1.650000000 0.3840998172 
1.687500000 0.3699627998 
1.725000000 0.3563461035 
1.762500000 0.3432305777 
1.800000000 0.3305977764 
1.837500000 0.3184299328 
1.875000000 0.3067099337 
1.912500000 0.2954212960 
1.950000000 0.2845481432 
1.987500000 0.2740751831 
2.025000000 0.2639876864 
2.062500000 0.2542714659 
2.100000000 0.2449128565 
2.137500000 0.2358986962 
2.175000000 0.2272163073 
2.212500000 0.2188534788 
2.250000000 0.2107984491 
2.287500000 0.2030398895 
2.325000000 0.1955668881 
2.362500000 0.1883689349 
2.400000000 0.1814359066 
2.437500000 0.1747580524 
2.475000000 0.1683259805 
2.512500000 0.1621306448 
2.550000000 0.1561633320 
2.587500000 0.1504156496 
2.625000000 0.1448795141 
2.662500000 0.1395471392 
2.700000000 0.1344110255 
2.737500000 0.1294639494 
2.775000000 0.1246989534 
2.812500000 0.1201093358 
2.850000000 0.1156886417 
2.887500000 0.1114306539 
2.925000000 0.1073293838 
2.962500000 0.1033790634 
3.000000000 9.9574136736E-2 
3.037500000 9.5909252653E-2 
3.075000000 9.2379256763E-2 
3.112500000 8.8979184428E-2 
3.150000000 8.5704253734E-2 
3.187500000 8.2549858772E-2 
3.225000000 7.9511563152E-2 
3.262500000 7.6585093773E-2 
3.300000000 7.3766334802E-2 
3.337500000 7.1051321897E-2 
3.375000000 6.8436236623E-2 
3.412500000 6.5917401085E-2 
3.450000000 6.3491272756E-2 
3.487500000 6.1154439493E-2 
3.525000000 5.8903614738E-2 
3.562500000 5.6735632899E-2 
3.600000000 5.4647444895E-2 
3.637500000 5.2636113865E-2 
3.675000000 5.0698811045E-2 
3.712500000 4.8832811784E-2 
3.750000000 4.7035491712E-2 
3.787500000 4.5304323052E-2 
3.825000000 4.3636871062E-2 
3.862500000 4.2030790614E-2 
3.900000000 4.0483822892E-2 
3.937500000 3.8993792217E-2 
3.975000000 3.7558602989E-2 
4.012500000 3.6176236737E-2 
4.050000000 3.4844749279E-2 
4.087500000 3.3562267992E-2 
4.125000000 3.2326989176E-2 
4.162500000 3.1137175516E-2 
4.200000000 2.9991153641E-2 
4.237500000 2.8887311768E-2 
4.275000000 2.7824097438E-2 
4.312500000 2.6800015330E-2 
4.350000000 2.5813625161E-2 
4.387500000 2.4863539656E-2 
4.425000000 2.3948422602E-2 
4.462500000 2.3066986963E-2 
4.500000000 2.2217993076E-2 
4.537500000 2.1400246904E-2 
4.575000000 2.0612598356E-2 
4.612500000 1.9853939671E-2 
4.650000000 1.9123203861E-2 
4.687500000 1.8419363208E-2 
4.725000000 1.7741427820E-2 
4.762500000 1.7088444238E-2 
4.800000000 1.6459494098E-2 
4.837500000 1.5853692834E-2 
4.875000000 1.5270188438E-2 
4.912500000 1.4708160261E-2 
4.950000000 1.4166817858E-2 
4.987500000 1.3645399878E-2 
5.025000000 1.3143172990E-2 
5.062500000 1.2659430855E-2 
5.100000000 1.2193493131E-2 
5.137500000 1.1744704516E-2 
5.175000000 1.1312433828E-2 
5.212500000 1.0896073114E-2 
5.250000000 1.0495036798E-2 
5.287500000 1.0108760858E-2 
5.325000000 9.7367020285E-3 
5.362500000 9.3783370408E-3 
5.400000000 9.0331618852E-3 
5.437500000 8.7006911022E-3 
5.475000000 8.3804571000E-3 
5.512500000 8.0720094966E-3 
5.550000000 7.7749144870E-3 
5.587500000 7.4887542321E-3 
5.625000000 7.2131262720E-3 
5.662500000 6.9476429595E-3 
5.700000000 6.6919309149E-3 
5.737500000 6.4456305010E-3 
5.775000000 6.2083953173E-3 
5.812500000 5.9798917126E-3 
5.850000000 5.7597983162E-3 
5.887500000 5.5478055853E-3 
5.925000000 5.3436153704E-3 
5.962500000 5.1469404952E-3 
6.000000000 4.9575043533E-3 
6.037500000 4.7750405190E-3 
6.075000000 4.5992923722E-3 
6.112500000 4.4300127384E-3 
6.150000000 4.2669635401E-3 
6.187500000 4.1099154624E-3 
6.225000000 3.9586476307E-3 
6.262500000 3.8129472996E-3 
6.300000000 3.6726095541E-3 
6.337500000 3.5374370209E-3 
6.375000000 3.4072395916E-3 
6.412500000 3.2818341545E-3 
6.450000000 3.1610443375E-3 
6.487500000 3.0447002600E-3 
6.525000000 2.9326382941E-3 
6.562500000 2.8247008341E-3 
6.600000000 2.7207360751E-3 
6.637500000 2.6205977996E-3 
6.675000000 2.5241451717E-3 
6.712500000 2.4312425389E-3 
6.750000000 2.3417592416E-3 
6.787500000 2.2555694291E-3 
6.825000000 2.1725518829E-3 
6.862500000 2.0925898458E-3 
6.900000000 2.0155708581E-3 
6.937500000 1.9413865990E-3 
6.975000000 1.8699327348E-3 
7.012500000 1.8011087717E-3 
7.050000000 1.7348179146E-3 
7.087500000 1.6709669311E-3 
7.125000000 1.6094660202E-3 
7.162500000 1.5502286862E-3 
7.200000000 1.4931716168E-3 
7.237500000 1.4382145660E-3 
7.275000000 1.3852802414E-3 
7.312500000 1.3342941955E-3 
7.350000000 1.2851847207E-3 
7.387500000 1.2378827487E-3 
7.425000000 1.1923217534E-3 
7.462500000 1.1484376570E-3 
7.500000000 1.1061687403E-3 
7.537500000 1.0654555557E-3 
7.575000000 1.0262408436E-3 
7.612500000 9.8846945178E-4 
7.650000000 9.5208825804E-4 
7.687500000 9.1704609533E-4 
7.725000000 8.8329367981E-4 
7.762500000 8.5078354160E-4 
7.800000000 8.1946995796E-4 
7.837500000 7.8930888900E-4 
7.875000000 7.6025791574E-4 
7.912500000 7.3227618047E-4 
7.950000000 7.0532432926E-4 
7.987500000 6.7936445662E-4 
8.025000000 6.5436005222E-4 
8.062500000 6.3027594947E-4 
8.100000000 6.0707827616E-4 
8.137500000 5.8473440671E-4 
8.175000000 5.6321291640E-4 
8.212500000 5.4248353706E-4 
8.250000000 5.2251711460E-4 
8.287500000 5.0328556795E-4 
8.325000000 4.8476184957E-4 
8.362500000 4.6691990743E-4 
8.400000000 4.4973464836E-4 
8.437500000 4.3318190275E-4 
8.475000000 4.1723839059E-4 
8.512500000 4.0188168868E-4 
8.550000000 3.8709019912E-4 
8.587500000 3.7284311894E-4 
8.625000000 3.5912041085E-4 
8.662500000 3.4590277502E-4 
8.700000000 3.3317162198E-4 
8.737500000 3.2090904643E-4 
8.775000000 3.0909780212E-4 
8.812500000 2.9772127753E-4 
8.850000000 2.8676347255E-4 
8.887500000 2.7620897597E-4 
8.925000000 2.6604294378E-4 
8.962500000 2.5625107832E-4 
9.000000000 2.4681960817E-4 
9.037500000 2.3773526878E-4 
9.075000000 2.2898528378E-4 
9.112500000 2.2055734708E-4 
9.150000000 2.1243960549E-4 
9.187500000 2.0462064211E-4 
9.225000000 1.9708946023E-4 
9.262500000 1.8983546789E-4 
9.300000000 1.8284846296E-4 
9.337500000 1.7611861881E-4 
9.375000000 1.6963647049E-4 
9.412500000 1.6339290142E-4 
9.450000000 1.5737913054E-4 
9.487500000 1.5158670001E-4 
9.525000000 1.4600746325E-4 
9.562500000 1.4063357354E-4 
9.600000000 1.3545747298E-4 
9.637500000 1.3047188181E-4 
9.675000000 1.2566978823E-4 
9.712500000 1.2104443850E-4 
9.750000000 1.1658932746E-4 
9.787500000 1.1229818938E-4 
9.825000000 1.0816498913E-4 
9.862500000 1.0418391372E-4 
9.900000000 1.0034936411E-4 
9.937500000 9.6655947335E-5 
9.975000000 9.3098468912E-5 
10.01250000 8.9671925555E-5 
10.05000000 8.6371498121E-5 
10.08750000 8.3192544840E-5 
10.12500000 8.0130594786E-5 
10.16250000 7.7181341586E-5 
10.20000000 7.4340637368E-5 
10.23750000 7.1604486923E-5 
10.27500000 6.8969042088E-5 
10.31250000 6.6430596335E-5 
10.35000000 6.3985579555E-5 
10.38750000 6.1630553042E-5 
10.42500000 5.9362204651E-5 
10.46250000 5.7177344144E-5 
10.50000000 5.5072898699E-5 
10.53750000 5.3045908595E-5 
10.57500000 5.1093523042E-5 
10.61250000 4.9212996175E-5 
10.65000000 4.7401683196E-5 
10.68750000 4.5657036644E-5 
10.72500000 4.3976602826E-5 
10.76250000 4.2358018352E-5 
10.80000000 4.0799006822E-5 
10.83750000 3.9297375620E-5 
10.87500000 3.7851012828E-5 
10.91250000 3.6457884261E-5 
10.95000000 3.5116030602E-5 
10.98750000 3.3823564649E-5 
11.02500000 3.2578668657E-5 
11.06250000 3.1379591787E-5 
11.10000000 3.0224647640E-5 
11.13750000 2.9112211884E-5 
11.17500000 2.8040719974E-5 
11.21250000 2.7008664948E-5 
11.25000000 2.6014595308E-5 
11.28750000 2.5057112980E-5 
11.32500000 2.4134871347E-5 
11.36250000 2.3246573353E-5 
11.40000000 2.2390969685E-5 
11.43750000 2.1566857008E-5 
11.47500000 2.0773076278E-5 
11.51250000 2.0008511110E-5 
11.55000000 1.9272086208E-5 
11.58750000 1.8562765853E-5 
11.62500000 1.7879552447E-5 
11.66250000 1.7221485109E-5 
11.70000000 1.6587638322E-5 
11.73750000 1.5977120634E-5 
11.77500000 1.5389073406E-5 
11.81250000 1.4822669599E-5 
11.85000000 1.4277112613E-5 
11.88750000 1.3751635170E-5 
11.92500000 1.3245498231E-5 
11.96250000 1.2757989956E-5 
12.00000000 1.2288424707E-5 
12.03750000 1.1836142080E-5 
12.07500000 1.1400505979E-5 
12.11250000 1.0980903718E-5 
12.15000000 1.0576745163E-5 
12.18750000 1.0187461898E-5 
12.22500000 9.8125064313E-6 
12.26250000 9.4513514184E-6 
12.30000000 9.1034889262E-6 
12.33750000 8.7684297155E-6 
12.37500000 8.4457025541E-6 
12.41250000 8.1348535539E-6 
12.45000000 7.8354455320E-6 
12.48750000 7.5470573968E-6 
12.52500000 7.2692835548E-6 
12.56250000 7.0017333409E-6 
12.60000000 6.7440304683E-6 
12.63750000 6.4958125000E-6 
12.67500000 6.2567303385E-6 
12.71250000 6.0264477353E-6 
12.75000000 5.8046408173E-6 
12.78750000 5.5909976321E-6 
12.82500000 5.3852177087E-6 
12.86250000 5.1870116353E-6 
12.90000000 4.9961006517E-6 
12.93750000 4.8122162581E-6 
12.97500000 4.6350998367E-6 
13.01250000 4.4645022883E-6 
13.05000000 4.3001836820E-6 
13.08750000 4.1419129176E-6 
13.12500000 3.9894674010E-6 
13.16250000 3.8426327303E-6 
13.20000000 3.7012023952E-6 
13.23750000 3.5649774859E-6 
13.27500000 3.4337664137E-6 
13.31250000 3.3073846414E-6 
13.35000000 3.1856544239E-6 
13.38750000 3.0684045579E-6 
13.42500000 2.9554701414E-6 
13.46250000 2.8466923420E-6 
13.50000000 2.7419181728E-6 
13.53750000 2.6410002779E-6 
13.57500000 2.5437967248E-6 
13.61250000 2.4501708052E-6 
13.65000000 2.3599908420E-6 
13.68750000 2.2731300049E-6 
13.72500000 2.1894661315E-6 
13.76250000 2.1088815556E-6 
13.80000000 2.0312629420E-6 
13.83750000 1.9565011267E-6 
13.87500000 1.8844909635E-6 
13.91250000 1.8151311763E-6 
13.95000000 1.7483242164E-6 
13.98750000 1.6839761256E-6 
14.02500000 1.6219964038E-6 
14.06250000 1.5622978817E-6 
14.10000000 1.5047965984E-6 
14.13750000 1.4494116834E-6 
14.17500000 1.3960652424E-6 
14.21250000 1.3446822483E-6 
14.25000000 1.2951904352E-6 
14.28750000 1.2475201970E-6 
14.32500000 1.2016044898E-6 
14.36250000 1.1573787369E-6 
14.40000000 1.1147807385E-6 
14.43750000 1.0737505843E-6 
14.47500000 1.0342305689E-6 
14.51250000 9.9616511057E-7 
14.55000000 9.5950067363E-7 
14.58750000 9.2418569264E-7 
14.62500000 8.9017050008E-7 
14.66250000 8.5740725650E-7 
14.70000000 8.2584988317E-7 
14.73750000 7.9545399735E-7 
14.77500000 7.6617684980E-7 
14.81250000 7.3797726471E-7 
14.85000000 7.1081558178E-7 
14.88750000 6.8465360040E-7 
14.92500000 6.5945452598E-7 
14.96250000 6.3518291816E-7 
15.00000000 6.1180464100E-7 
15.03750000 5.8928681495E-7 
15.07500000 5.6759777060E-7 
15.11250000 5.4670700415E-7 
15.15000000 5.2658513453E-7 
15.18750000 5.0720386203E-7 
15.22500000 4.8853592855E-7 
15.26250000 4.7055507924E-7 
15.30000000 4.5323602555E-7 
15.33750000 4.3655440972E-7 
15.37500000 4.2048677048E-7 
15.41250000 4.0501051005E-7 
15.45000000 3.9010386240E-7 
15.48750000 3.7574586259E-7 
15.52500000 3.6191631733E-7 
15.56250000 3.4859577653E-7 
15.60000000 3.3576550600E-7 
15.63750000 3.2340746104E-7 
15.67500000 3.1150426112E-7 
15.71250000 3.0003916541E-7 
15.75000000 2.8899604922E-7 
15.78750000 2.7835938135E-7 
15.82500000 2.6811420224E-7 
15.86250000 2.5824610291E-7 
15.90000000 2.4874120472E-7 
15.93750000 2.3958613984E-7 
15.97500000 2.3076803246E-7 
16.01250000 2.2227448065E-7 
16.05000000 2.1409353897E-7 
16.08750000 2.0621370160E-7 
16.12500000 1.9862388624E-7 
16.16250000 1.9131341846E-7 
16.20000000 1.8427201669E-7 
16.23750000 1.7748977782E-7 
16.27500000 1.7095716320E-7 
16.31250000 1.6466498526E-7 
16.35000000 1.5860439460E-7 
16.38750000 1.5276686750E-7 
16.42500000 1.4714419399E-7 
16.46250000 1.4172846625E-7 
16.50000000 1.3651206753E-7 
16.53750000 1.3148766139E-7 
16.57500000 1.2664818145E-7 
16.61250000 1.2198682139E-7 
16.65000000 1.1749702540E-7 
16.68750000 1.1317247896E-7 
16.72500000 1.0900709998E-7 
16.76250000 1.0499503019E-7 
16.80000000 1.0113062697E-7 
16.83750000 9.7408455355E-8 
16.87500000 9.3823280437E-8 
16.91250000 9.0370059969E-8 
16.95000000 8.7043937291E-8 
16.98750000 8.3840234495E-8 
17.02500000 8.0754445846E-8 
17.06250000 7.7782231445E-8 
17.10000000 7.4919411126E-8 
17.13750000 7.2161958575E-8 
17.17500000 6.9505995672E-8 
17.21250000 6.6947787029E-8 
17.25000000 6.4483734745E-8 
17.28750000 6.2110373340E-8 
17.32500000 5.9824364884E-8 
17.36250000 5.7622494300E-8 
17.40000000 5.5501664845E-8 
17.43750000 5.3458893753E-8 
17.47500000 5.1491308040E-8 
17.51250000 4.9596140465E-8 
17.55000000 4.7770725637E-8 
17.58750000 4.6012496264E-8 
17.62500000 4.4318979547E-8 
17.66250000 4.2687793698E-8 
17.70000000 4.1116644595E-8 
17.73750000 3.9603322550E-8 
17.77500000 3.8145699203E-8 
17.81250000 3.6741724532E-8 
17.85000000 3.5389423967E-8 
17.88750000 3.4086895611E-8 
17.92500000 3.2832307570E-8 
17.96250000 3.1623895373E-8 
18.00000000 3.0459959489E-8 
18.03750000 2.9338862944E-8 
18.07500000 2.8259029010E-8 
18.11250000 2.7218938993E-8 
18.15000000 2.6217130094E-8 
18.18750000 2.5252193355E-8 
18.22500000 2.4322771675E-8 
18.26250000 2.3427557901E-8 
18.30000000 2.2565292991E-8 
18.33750000 2.1734764243E-8 
18.37500000 2.0934803589E-8 
18.41250000 2.0164285953E-8 
18.45000000 1.9422127668E-8 
18.48750000 1.8707284950E-8 
18.52500000 1.8018752434E-8 
18.56250000 1.7355561759E-8 
18.60000000 1.6716780203E-8 
18.63750000 1.6101509374E-8 
18.67500000 1.5508883945E-8 
18.71250000 1.4938070441E-8 
18.75000000 1.4388266061E-8 
18.78750000 1.3858697550E-8 
18.82500000 1.3348620117E-8 
18.86250000 1.2857316381E-8 
18.90000000 1.2384095365E-8 
18.93750000 1.1928291524E-8 
18.97500000 1.1489263809E-8 
19.01250000 1.1066394765E-8 
19.05000000 1.0659089662E-8 
19.08750000 1.0266775660E-8 
19.12500000 9.8889010039E-9 
19.16250000 9.5249342443E-9 
19.20000000 9.1743634933E-9 
19.23750000 8.8366957029E-9 
19.27500000 8.5114559721E-9 
19.31250000 8.1981868790E-9 
19.35000000 7.8964478373E-9 
19.38750000 7.6058144767E-9 
19.42500000 7.3258780462E-9 
19.46250000 7.0562448390E-9 
19.50000000 6.7965356390E-9 
19.53750000 6.5463851873E-9 
19.57500000 6.3054416687E-9 
19.61250000 6.0733662165E-9 
19.65000000 5.8498324365E-9 
19.68750000 5.6345259475E-9 
19.72500000 5.4271439391E-9 
19.76250000 5.2273947463E-9 
19.80000000 5.0349974389E-9 
19.83750000 4.8496814264E-9 
19.87500000 4.6711860776E-9 
19.91250000 4.4992603541E-9 
19.95000000 4.3336624569E-9 
19.98750000 4.1741594868E-9 
20.02500000 4.0205271164E-9 
20.06250000 3.8725492748E-9 
20.10000000 3.7300178438E-9 
20.13750000 3.5927323652E-9 
20.17500000 3.4604997585E-9 
20.21250000 3.3331340499E-9 
20.25000000 3.2104561104E-9 
20.28750000 3.0922934038E-9 
20.32500000 2.9784797445E-9 
20.36250000 2.8688550632E-9 
20.40000000 2.7632651822E-9 
20.43750000 2.6615615981E-9 
20.47500000 2.5636012737E-9 
20.51250000 2.4692464361E-9 
20.55000000 2.3783643833E-9 
20.58750000 2.2908272973E-9 
20.62500000 2.2065120647E-9 
20.66250000 2.1253001033E-9 
20.70000000 2.0470771955E-9 
20.73750000 1.9717333274E-9 
20.77500000 1.8991625342E-9 
20.81250000 1.8292627512E-9 
20.85000000 1.7619356705E-9 
20.88750000 1.6970866022E-9 
20.92500000 1.6346243417E-9 
20.96250000 1.5744610410E-9 
21.00000000 1.5165120856E-9 
21.07500000 1.4069342093E-9 
21.15000000 1.3052740484E-9 
21.22500000 1.2109594963E-9 
21.30000000 1.1234597849E-9 
21.37500000 1.0422824976E-9 
21.45000000 9.6697079804E-10 
21.52500000 8.9710085935E-10 
21.60000000 8.3227947884E-10 
21.67500000 7.7214186530E-10 
21.75000000 7.1634958606E-10 
21.82500000 6.6458866240E-10 
21.90000000 6.1656780263E-10 
21.97500000 5.7201676277E-10 
22.05000000 5.3068482573E-10 
22.12500000 4.9233939036E-10 
22.20000000 4.5676466247E-10 
22.27500000 4.2376044039E-10 
22.35000000 3.9314098834E-10 
22.42500000 3.6473399114E-10 
22.50000000 3.3837958452E-10 
22.57500000 3.1392945545E-10 
22.65000000 2.9124600746E-10 
22.72500000 2.7020158634E-10 
22.80000000 2.5067776172E-10 
22.87500000 2.3256466060E-10 
22.95000000 2.1576034903E-10 
23.02500000 2.0017025842E-10 
23.10000000 1.8570665340E-10 
23.17500000 1.7228813806E-10 
23.25000000 1.5983919786E-10 
23.32500000 1.4828977467E-10 
23.40000000 1.3757487254E-10 
23.55000000 1.1841179015E-10 
23.70000000 1.0191797229E-10 
23.85000000 8.7721611689E-11 
24.00000000 7.5502690886E-11 


0.000000000 0.7071067812 
7.5000000000E-2 0.6555407555 
0.1500000000 0.6068126821 
0.2250000000 0.5607835101 
0.3000000000 0.5173205797 
0.3375000000 0.4965116769 
0.3750000000 0.4762973404 
0.4125000000 0.4566626616 
0.4500000000 0.4375930807 
0.4875000000 0.4190743787 
0.5250000000 0.4010926700 
0.5625000000 0.3836343947 
0.6000000000 0.3666863112 
0.6375000000 0.3502354896 
0.6750000000 0.3342693040 
0.7125000000 0.3187754262 
0.7500000000 0.3037418185 
0.7875000000 0.2891567278 
0.8250000000 0.2750086786 
0.8625000000 0.2612864670 
0.9000000000 0.2479791544 
0.9375000000 0.2350760620 
0.9750000000 0.2225667643 
1.012500000 0.2104410836 
1.050000000 0.1986890846 
1.087500000 0.1873010686 
1.125000000 0.1762675684 
1.162500000 0.1655793428 
1.200000000 0.1552273718 
1.237500000 0.1452028511 
1.275000000 0.1354971875 
1.312500000 0.1261019944 
1.350000000 0.1170090863 
1.387500000 0.1082104748 
1.425000000 9.9698364234E-2 
1.462500000 9.1465146684E-2 
1.500000000 8.3503398162E-2 
1.537500000 7.5805874232E-2 
1.575000000 6.8365505925E-2 
1.612500000 6.1175395719E-2 
1.650000000 5.4228813612E-2 
1.687500000 4.7519193273E-2 
1.725000000 4.1040128290E-2 
1.762500000 3.4785368488E-2 
1.800000000 2.8748816343E-2 
1.837500000 2.2924523458E-2 
1.875000000 1.7306687136E-2 
1.912500000 1.1889647013E-2 
1.950000000 6.6678817754E-3 
1.987500000 1.6360059473E-3 
2.025000000 -3.2112332520E-3 
2.062500000 -7.8789589792E-3 
2.100000000 -1.2372167769E-2 
2.137500000 -1.6695732474E-2 
2.175000000 -2.0854405129E-2 
2.212500000 -2.4852819765E-2 
2.250000000 -2.8695495150E-2 
2.287500000 -3.2386837472E-2 
2.325000000 -3.5931142965E-2 
2.362500000 -3.9332600468E-2 
2.400000000 -4.2595293939E-2 
2.437500000 -4.5723204903E-2 
2.475000000 -4.8720214846E-2 
2.512500000 -5.1590107561E-2 
2.550000000 -5.4336571438E-2 
2.587500000 -5.6963201702E-2 
2.625000000 -5.9473502599E-2 
2.662500000 -6.1870889541E-2 
2.700000000 -6.4158691191E-2 
2.737500000 -6.6340151511E-2 
2.775000000 -6.8418431761E-2 
2.812500000 -7.0396612448E-2 
2.850000000 -7.2277695239E-2 
2.887500000 -7.4064604825E-2 
2.925000000 -7.5760190748E-2 
2.962500000 -7.7367229179E-2 
3.000000000 -7.8888424664E-2 
3.037500000 -8.0326411826E-2 
3.075000000 -8.1683757029E-2 
3.112500000 -8.2962960006E-2 
3.150000000 -8.4166455448E-2 
3.187500000 -8.5296614559E-2 
3.225000000 -8.6355746572E-2 
3.262500000 -8.7346100235E-2 
3.300000000 -8.8269865263E-2 
3.337500000 -8.9129173750E-2 
3.375000000 -8.9926101559E-2 
3.412500000 -9.0662669674E-2 
3.450000000 -9.1340845522E-2 
3.487500000 -9.1962544264E-2 
3.525000000 -9.2529630060E-2 
3.562500000 -9.3043917305E-2 
3.600000000 -9.3507171827E-2 
3.637500000 -9.3921112075E-2 
3.675000000 -9.4287410261E-2 
3.712500000 -9.4607693491E-2 
3.750000000 -9.4883544862E-2 
3.768750000 -9.5005291548E-2 
3.787500000 -9.5116504532E-2 
3.806250000 -9.5217369798E-2 
3.825000000 -9.5308070776E-2 
3.843750000 -9.5388788373E-2 
3.862500000 -9.5459701004E-2 
3.881250000 -9.5520984626E-2 
3.900000000 -9.5572812766E-2 
3.918750000 -9.5615356547E-2 
3.937500000 -9.5648784727E-2 
3.956250000 -9.5673263719E-2 
3.975000000 -9.5688957626E-2 
3.979687500 -9.5691527446E-2 
3.984375000 -9.5693560830E-2 
3.989062500 -9.5695060274E-2 
3.993750000 -9.5696028268E-2 
3.998437500 -9.5696467291E-2 
4.003125000 -9.5696379815E-2 
4.007812500 -9.5695768303E-2 
4.012500000 -9.5694635208E-2 
4.021875000 -9.5690814044E-2 
4.031250000 -9.5684935784E-2 
4.040625000 -9.5677019751E-2 
4.050000000 -9.5667085133E-2 
4.068750000 -9.5641236221E-2 
4.087500000 -9.5607539870E-2 
4.106250000 -9.5566144782E-2 
4.125000000 -9.5517197568E-2 
4.143750000 -9.5460842772E-2 
4.162500000 -9.5397222900E-2 
4.181250000 -9.5326478442E-2 
4.200000000 -9.5248747899E-2 
4.237500000 -9.5072872768E-2 
4.275000000 -9.4870666667E-2 
4.312500000 -9.4643168494E-2 
4.350000000 -9.4391387634E-2 
4.387500000 -9.4116304701E-2 
4.425000000 -9.3818872256E-2 
4.462500000 -9.3500015513E-2 
4.500000000 -9.3160633024E-2 
4.537500000 -9.2801597354E-2 
4.575000000 -9.2423755731E-2 
4.612500000 -9.2027930690E-2 
4.650000000 -9.1614920699E-2 
4.687500000 -9.1185500765E-2 
4.725000000 -9.0740423033E-2 
4.762500000 -9.0280417369E-2 
4.800000000 -8.9806191925E-2 
4.875000000 -8.8817809062E-2 
4.950000000 -8.7780526175E-2 
5.025000000 -8.6699281766E-2 
5.100000000 -8.5578717049E-2 
5.175000000 -8.4423191147E-2 
5.250000000 -8.3236795568E-2 
5.325000000 -8.2023367998E-2 
5.400000000 -8.0786505445E-2 
5.475000000 -7.9529576758E-2 
5.550000000 -7.8255734543E-2 
5.625000000 -7.6967926526E-2 
5.700000000 -7.5668906356E-2 
5.775000000 -7.4361243904E-2 
5.850000000 -7.3047335056E-2 
5.925000000 -7.1729411044E-2 
6.000000000 -7.0409547317E-2 
6.075000000 -6.9089671985E-2 
6.150000000 -6.7771573857E-2 
6.225000000 -6.6456910082E-2 
6.300000000 -6.5147213416E-2 
6.375000000 -6.3843899135E-2 
6.450000000 -6.2548271605E-2 
6.525000000 -6.1261530532E-2 
6.600000000 -5.9984776896E-2 
6.750000000 -5.7465175807E-2 
6.900000000 -5.4996509152E-2 
7.050000000 -5.2584571090E-2 
7.200000000 -5.0234052517E-2 
7.350000000 -4.7948670256E-2 
7.500000000 -4.5731283326E-2 
7.650000000 -4.3583997506E-2 
7.800000000 -4.1508259258E-2 
7.950000000 -3.9504940013E-2 
8.100000000 -3.7574411718E-2 
8.250000000 -3.5716614472E-2 
8.400000000 -3.3931116984E-2 
8.550000000 -3.2217170565E-2 
8.700000000 -3.0573757242E-2 
8.850000000 -2.8999632585E-2 
9.000000000 -2.7493363745E-2 
9.150000000 -2.6053363185E-2 
9.300000000 -2.4677918509E-2 
9.450000000 -2.3365218800E-2 
9.600000000 -2.2113377794E-2 
9.750000000 -2.0920454226E-2 
9.900000000 -1.9784469626E-2 
10.05000000 -1.8703423829E-2 
10.20000000 -1.7675308443E-2 
10.35000000 -1.6698118477E-2 
10.50000000 -1.5769862339E-2 
10.65000000 -1.4888570366E-2 
10.80000000 -1.4052302054E-2 
10.95000000 -1.3259152125E-2 
11.10000000 -1.2507255572E-2 
11.25000000 -1.1794791782E-2 
11.40000000 -1.1119987864E-2 
11.47500000 -1.0796168030E-2 
11.55000000 -1.0481121250E-2 
11.62500000 -1.0174640391E-2 
11.70000000 -9.8765216855E-3 
11.77500000 -9.5865647593E-3 
11.85000000 -9.3045726612E-3 
11.92500000 -9.0303518815E-3 
12.00000000 -8.7637123650E-3 
12.07500000 -8.5044675197E-3 
12.15000000 -8.2524342186E-3 
12.22500000 -8.0074327979E-3 
12.30000000 -7.7692870497E-3 
12.37500000 -7.5378242115E-3 
12.45000000 -7.3128749507E-3 
12.52500000 -7.0942733467E-3 
12.60000000 -6.8818568689E-3 
12.67500000 -6.6754663516E-3 
12.75000000 -6.4749459672E-3 
12.82500000 -6.2801431954E-3 
12.90000000 -6.0909087911E-3 
12.97500000 -5.9070967502E-3 
13.05000000 -5.7285642727E-3 
13.12500000 -5.5551717249E-3 
13.20000000 -5.3867825999E-3 
13.27500000 -5.2232634761E-3 
13.35000000 -5.0644839756E-3 
13.42500000 -4.9103167205E-3 
13.50000000 -4.7606372889E-3 
13.57500000 -4.6153241697E-3 
13.65000000 -4.4742587169E-3 
13.72500000 -4.3373251034E-3 
13.80000000 -4.2044102741E-3 
13.87500000 -4.0754038988E-3 
13.95000000 -3.9501983250E-3 
14.02500000 -3.8286885298E-3 
14.10000000 -3.7107720724E-3 
14.17500000 -3.5963490465E-3 
14.25000000 -3.4853220321E-3 
14.32500000 -3.3775960481E-3 
14.40000000 -3.2730785046E-3 
14.47500000 -3.1716791558E-3 
14.55000000 -3.0733100524E-3 
14.62500000 -2.9778854952E-3 
14.70000000 -2.8853219887E-3 
14.77500000 -2.7955381945E-3 
14.85000000 -2.7084548859E-3 
14.92500000 -2.6239949028E-3 
15.00000000 -2.5420831065E-3 
15.07500000 -2.4626463360E-3 
15.15000000 -2.3856133635E-3 
15.22500000 -2.3109148518E-3 
15.30000000 -2.2384833113E-3 
15.37500000 -2.1682530580E-3 
15.45000000 -2.1001601720E-3 
15.52500000 -2.0341424567E-3 
15.60000000 -1.9701393985E-3 
15.67500000 -1.9080921270E-3 
15.75000000 -1.8479433764E-3 
15.82500000 -1.7896374466E-3 
15.90000000 -1.7331201661E-3 
15.97500000 -1.6783388545E-3 
16.05000000 -1.6252422863E-3 
16.12500000 -1.5737806551E-3 
16.20000000 -1.5239055385E-3 
16.27500000 -1.4755698640E-3 
16.35000000 -1.4287278749E-3 
16.42500000 -1.3833350970E-3 
16.50000000 -1.3393483070E-3 
16.57500000 -1.2967254996E-3 
16.65000000 -1.2554258574E-3 
16.72500000 -1.2154097195E-3 
16.80000000 -1.1766385525E-3 
16.87500000 -1.1390749203E-3 
16.95000000 -1.1026824564E-3 
17.02500000 -1.0674258353E-3 
17.10000000 -1.0332707453E-3 
17.17500000 -1.0001838620E-3 
17.25000000 -9.6813282152E-4 
17.32500000 -9.3708619551E-4 
17.40000000 -9.0701346581E-4 
17.47500000 -8.7788500012E-4 
17.55000000 -8.4967202812E-4 
17.62500000 -8.2234661814E-4 
17.70000000 -7.9588165445E-4 
17.77500000 -7.7025081498E-4 
17.85000000 -7.4542854967E-4 
17.92500000 -7.2139005926E-4 
18.00000000 -6.9811127468E-4 
18.07500000 -6.7556883685E-4 
18.15000000 -6.5374007707E-4 
18.22500000 -6.3260299780E-4 
18.30000000 -6.1213625397E-4 
18.37500000 -5.9231913478E-4 
18.45000000 -5.7313154588E-4 
18.52500000 -5.5455399212E-4 
18.60000000 -5.3656756056E-4 
18.67500000 -5.1915390411E-4 
18.75000000 -5.0229522548E-4 
18.82500000 -4.8597426152E-4 
18.90000000 -4.7017426804E-4 
18.97500000 -4.5487900503E-4 
19.05000000 -4.4007272214E-4 
19.12500000 -4.2574014474E-4 
19.20000000 -4.1186646014E-4 
19.27500000 -3.9843730436E-4 
19.35000000 -3.8543874911E-4 
19.42500000 -3.7285728921E-4 
19.50000000 -3.6067983027E-4 
19.57500000 -3.4889367681E-4 
19.65000000 -3.3748652058E-4 
19.72500000 -3.2644642928E-4 
19.80000000 -3.1576183554E-4 
19.87500000 -3.0542152624E-4 
19.95000000 -2.9541463210E-4 
20.02500000 -2.8573061755E-4 
20.10000000 -2.7635927090E-4 
20.17500000 -2.6729069475E-4 
20.25000000 -2.5851529673E-4 
20.32500000 -2.5002378039E-4 
20.40000000 -2.4180713648E-4 
20.47500000 -2.3385663437E-4 
20.55000000 -2.2616381372E-4 
20.62500000 -2.1872047646E-4 
20.70000000 -2.1151867892E-4 
20.77500000 -2.0455072419E-4 
20.85000000 -1.9780915476E-4 
20.92500000 -1.9128674528E-4 
21.00000000 -1.8497649562E-4 
21.07500000 -1.7887162402E-4 
21.15000000 -1.7296556056E-4 
21.22500000 -1.6725194070E-4 
21.30000000 -1.6172459910E-4 
21.37500000 -1.5637756357E-4 
21.45000000 -1.5120504917E-4 
21.52500000 -1.4620145258E-4 
21.60000000 -1.4136134651E-4 
21.67500000 -1.3667947435E-4 
21.75000000 -1.3215074499E-4 
21.82500000 -1.2777022769E-4 
21.90000000 -1.2353314725E-4 
21.97500000 -1.1943487918E-4 
22.05000000 -1.1547094512E-4 
22.12500000 -1.1163700828E-4 
22.20000000 -1.0792886919E-4 
22.27500000 -1.0434246136E-4 
22.35000000 -1.0087384725E-4 
22.42500000 -9.7519214255E-5 
22.50000000 -9.4274870855E-5 
22.57500000 -9.1137242861E-5 
22.65000000 -8.8102869780E-5 
22.72500000 -8.5168401288E-5 
22.80000000 -8.2330593809E-5 
22.87500000 -7.9586307193E-5 
22.95000000 -7.6932501498E-5 
23.02500000 -7.4366233870E-5 
23.10000000 -7.1884655509E-5 
23.17500000 -6.9485008736E-5 
23.25000000 -6.7164624144E-5 
23.32500000 -6.4920917836E-5 
23.40000000 -6.2751388744E-5 
23.47500000 -6.0653616037E-5 
23.55000000 -5.8625256597E-5 
23.62500000 -5.6664042583E-5 
23.70000000 -5.4767779060E-5 
23.77500000 -5.2934341708E-5 
23.85000000 -5.1161674594E-5 
23.92500000 -4.9447788018E-5 
24.00000000 -4.7790756421E-5 


0.000000000 0.000000000 
7.5000000000E-2 1.4745842791E-2 
0.1500000000 2.8406226921E-2 
0.2250000000 4.1041078799E-2 
0.3000000000 5.2707383995E-2 
0.3750000000 6.3459322545E-2 
0.4500000000 7.3348398274E-2 
0.5250000000 8.2423562394E-2 
0.6000000000 9.0731331641E-2 
0.6375000000 9.4611341877E-2 
0.6750000000 9.8315901168E-2 
0.7125000000 0.1018501889 
0.7500000000 0.1052192524 
0.7875000000 0.1084280105 
0.8250000000 0.1114812562 
0.8625000000 0.1143836597 
0.9000000000 0.1171397713 
0.9375000000 0.1197540244 
0.9750000000 0.1222307383 
1.012500000 0.1245741205 
1.050000000 0.1267882698 
1.087500000 0.1288771787 
1.125000000 0.1308447361 
1.162500000 0.1326947294 
1.200000000 0.1344308473 
1.237500000 0.1360566821 
1.275000000 0.1375757318 
1.312500000 0.1389914026 
1.350000000 0.1403070108 
1.387500000 0.1415257855 
1.425000000 0.1426508701 
1.462500000 0.1436853248 
1.500000000 0.1446321282 
1.537500000 0.1454941798 
1.575000000 0.1462743015 
1.612500000 0.1469752395 
1.650000000 0.1475996664 
1.687500000 0.1481501828 
1.725000000 0.1486293190 
1.762500000 0.1490395370 
1.800000000 0.1493832317 
1.837500000 0.1496627330 
1.875000000 0.1498803072 
1.912500000 0.1500381583 
1.950000000 0.1501384302 
1.968750000 0.1501676276 
1.987500000 0.1501832074 
2.006250000 0.1501854212 
2.025000000 0.1501745170 
2.043750000 0.1501507395 
2.062500000 0.1501143299 
2.081250000 0.1500655260 
2.100000000 0.1500045622 
2.118750000 0.1499316698 
2.137500000 0.1498470767 
2.156250000 0.1497510076 
2.175000000 0.1496436840 
2.193750000 0.1495253243 
2.212500000 0.1493961439 
2.231250000 0.1492563549 
2.250000000 0.1491061666 
2.287500000 0.1487754143 
2.325000000 0.1484055016 
2.362500000 0.1479979976 
2.400000000 0.1475544265 
2.437500000 0.1470762688 
2.475000000 0.1465649624 
2.512500000 0.1460219039 
2.550000000 0.1454484492 
2.587500000 0.1448459150 
2.625000000 0.1442155795 
2.662500000 0.1435586834 
2.700000000 0.1428764309 
2.737500000 0.1421699907 
2.775000000 0.1414404968 
2.812500000 0.1406890494 
2.850000000 0.1399167157 
2.887500000 0.1391245312 
2.925000000 0.1383134995 
2.962500000 0.1374845944 
3.000000000 0.1366387596 
3.037500000 0.1357769102 
3.075000000 0.1348999328 
3.112500000 0.1340086869 
3.150000000 0.1331040052 
3.187500000 0.1321866943 
3.225000000 0.1312575356 
3.262500000 0.1303172857 
3.300000000 0.1293666773 
3.375000000 0.1274371992 
3.450000000 0.1254745055 
3.525000000 0.1234836551 
3.600000000 0.1214693794 
3.675000000 0.1194360995 
3.750000000 0.1173879432 
3.825000000 0.1153287598 
3.900000000 0.1132621357 
3.975000000 0.1111914079 
4.050000000 0.1091196782 
4.125000000 0.1070498254 
4.200000000 0.1049845177 
4.275000000 0.1029262247 
4.350000000 0.1008772276 
4.425000000 9.8839630453E-2 
4.500000000 9.6815369798E-2 
4.575000000 9.4806224135E-2 
4.650000000 9.2813822997E-2 
4.725000000 9.0839655491E-2 
4.800000000 8.8885078427E-2 
5.100000000 8.1285601987E-2 
5.400000000 7.4078646352E-2 
5.700000000 6.7302308564E-2 
6.000000000 6.0976456645E-2 
6.150000000 5.7984773234E-2 
6.300000000 5.5107068739E-2 
6.450000000 5.2342491313E-2 
6.600000000 4.9689717127E-2 
6.750000000 4.7147023025E-2 
6.900000000 4.4712351145E-2 
7.050000000 4.2383366284E-2 
7.200000000 4.0157506722E-2 
7.275000000 3.9082397619E-2 
7.350000000 3.8032029148E-2 
7.425000000 3.7006036519E-2 
7.500000000 3.6004048280E-2 
7.575000000 3.5025687302E-2 
7.650000000 3.4070571699E-2 
7.725000000 3.3138315689E-2 
7.800000000 3.2228530400E-2 
7.875000000 3.1340824616E-2 
7.950000000 3.0474805482E-2 
8.025000000 2.9630079149E-2 
8.100000000 2.8806251383E-2 
8.175000000 2.8002928125E-2 
8.250000000 2.7219716013E-2 
8.325000000 2.6456222866E-2 
8.400000000 2.5712058126E-2 
8.475000000 2.4986833274E-2 
8.550000000 2.4280162205E-2 
8.625000000 2.3591661580E-2 
8.700000000 2.2920951145E-2 
8.775000000 2.2267654021E-2 
8.850000000 2.1631396972E-2 
8.925000000 2.1011810649E-2 
9.000000000 2.0408529805E-2 
9.075000000 1.9821193498E-2 
9.150000000 1.9249445268E-2 
9.225000000 1.8692933294E-2 
9.300000000 1.8151310536E-2 
9.375000000 1.7624234862E-2 
9.450000000 1.7111369153E-2 
9.525000000 1.6612381400E-2 
9.600000000 1.6126944786E-2 
9.675000000 1.5654737749E-2 
9.750000000 1.5195444042E-2 
9.825000000 1.4748752775E-2 
9.900000000 1.4314358450E-2 
9.975000000 1.3891960987E-2 
10.05000000 1.3481265735E-2 
10.12500000 1.3081983481E-2 
10.20000000 1.2693830450E-2 
10.27500000 1.2316528295E-2 
10.35000000 1.1949804083E-2 
10.42500000 1.1593390271E-2 
10.50000000 1.1247024682E-2 
10.57500000 1.0910450471E-2 
10.65000000 1.0583416088E-2 
10.72500000 1.0265675235E-2 
10.80000000 9.9569868222E-3 
10.87500000 9.6571149170E-3 
10.95000000 9.3658286910E-3 
11.02500000 9.0829023639E-3 
11.10000000 8.8081151451E-3 
11.17500000 8.5412511718E-3 
11.25000000 8.2820994453E-3 
11.32500000 8.0304537658E-3 
11.40000000 7.7861126644E-3 
11.47500000 7.5488793347E-3 
11.55000000 7.3185615623E-3 
11.62500000 7.0949716532E-3 
11.70000000 6.8779263618E-3 
11.77500000 6.6672468174E-3 
11.85000000 6.4627584506E-3 
11.92500000 6.2642909188E-3 
12.00000000 6.0716780316E-3 
12.07500000 5.8847576762E-3 
12.15000000 5.7033717418E-3 
12.22500000 5.5273660450E-3 
12.30000000 5.3565902549E-3 
12.37500000 5.1908978183E-3 
12.45000000 5.0301458852E-3 
12.52500000 4.8741952348E-3 
12.60000000 4.7229102018E-3 
12.67500000 4.5761586033E-3 
12.75000000 4.4338116664E-3 
12.82500000 4.2957439560E-3 
12.90000000 4.1618333036E-3 
12.97500000 4.0319607369E-3 
13.05000000 3.9060104100E-3 
13.12500000 3.7838695341E-3 
13.20000000 3.6654283098E-3 
13.27500000 3.5505798598E-3 
13.35000000 3.4392201622E-3 
13.42500000 3.3312479855E-3 
13.50000000 3.2265648238E-3 
13.57500000 3.1250748335E-3 
13.65000000 3.0266847707E-3 
13.72500000 2.9313039296E-3 
13.80000000 2.8388440821E-3 
13.87500000 2.7492194182E-3 
13.95000000 2.6623464874E-3 
14.02500000 2.5781441418E-3 
14.10000000 2.4965334789E-3 
14.17500000 2.4174377866E-3 
14.25000000 2.3407824891E-3 
14.32500000 2.2664950931E-3 
14.40000000 2.1945051357E-3 
14.47500000 2.1247441333E-3 
14.55000000 2.0571455312E-3 
14.62500000 1.9916446544E-3 
14.70000000 1.9281786595E-3 
14.77500000 1.8666864871E-3 
14.85000000 1.8071088162E-3 
14.92500000 1.7493880185E-3 
15.00000000 1.6934681145E-3 
15.07500000 1.6392947296E-3 
15.15000000 1.5868150526E-3 
15.22500000 1.5359777937E-3 
15.30000000 1.4867331442E-3 
15.37500000 1.4390327370E-3 
15.45000000 1.3928296080E-3 
15.52500000 1.3480781581E-3 
15.60000000 1.3047341168E-3 
15.67500000 1.2627545055E-3 
15.75000000 1.2220976030E-3 
15.82500000 1.1827229110E-3 
15.90000000 1.1445911203E-3 
15.97500000 1.1076640785E-3 
16.05000000 1.0719047578E-3 
16.12500000 1.0372772243E-3 
16.20000000 1.0037466071E-3 
16.27500000 9.7127906917E-4 
16.35000000 9.3984177829E-4 
16.42500000 9.0940287896E-4 
16.50000000 8.7993146495E-4 
16.57500000 8.5139755263E-4 
16.65000000 8.2377205488E-4 
16.72500000 7.9702675575E-4 
16.80000000 7.7113428569E-4 
16.87500000 7.4606809750E-4 
16.95000000 7.2180244287E-4 
17.02500000 6.9831234953E-4 
17.10000000 6.7557359899E-4 
17.17500000 6.5356270492E-4 
17.25000000 6.3225689202E-4 
17.32500000 6.1163407552E-4 
17.40000000 5.9167284120E-4 
17.47500000 5.7235242594E-4 
17.55000000 5.5365269881E-4 
17.62500000 5.3555414264E-4 
17.70000000 5.1803783616E-4 
17.77500000 5.0108543650E-4 
17.85000000 4.8467916231E-4 
17.92500000 4.6880177723E-4 
18.00000000 4.5343657390E-4 
18.07500000 4.3856735834E-4 
18.15000000 4.2417843480E-4 
18.22500000 4.1025459102E-4 
18.30000000 3.9678108389E-4 
18.37500000 3.8374362558E-4 
18.45000000 3.7112836990E-4 
18.52500000 3.5892189925E-4 
18.60000000 3.4711121173E-4 
18.67500000 3.3568370881E-4 
18.75000000 3.2462718318E-4 
18.82500000 3.1392980705E-4 
18.90000000 3.0358012072E-4 
18.97500000 2.9356702157E-4 
19.05000000 2.8387975322E-4 
19.12500000 2.7450789516E-4 
19.20000000 2.6544135252E-4 
19.27500000 2.5667034628E-4 
19.35000000 2.4818540366E-4 
19.42500000 2.3997734884E-4 
19.50000000 2.3203729391E-4 
19.57500000 2.2435663014E-4 
19.65000000 2.1692701946E-4 
19.72500000 2.0974038616E-4 
19.80000000 2.0278890892E-4 
19.87500000 1.9606501302E-4 
19.95000000 1.8956136276E-4 
20.02500000 1.8327085412E-4 
20.10000000 1.7718660767E-4 
20.17500000 1.7130196167E-4 
20.25000000 1.6561046532E-4 
20.32500000 1.6010587229E-4 
20.40000000 1.5478213440E-4 
20.47500000 1.4963339549E-4 
20.55000000 1.4465398550E-4 
20.62500000 1.3983841466E-4 
20.70000000 1.3518136795E-4 
20.77500000 1.3067769963E-4 
20.85000000 1.2632242803E-4 
20.92500000 1.2211073038E-4 
21.00000000 1.1803793791E-4 
21.07500000 1.1409953103E-4 
21.15000000 1.1029113467E-4 
21.22500000 1.0660851376E-4 
21.30000000 1.0304756889E-4 
21.37500000 9.9604331999E-5 
21.45000000 9.6274962305E-5 
21.52500000 9.3055742294E-5 
21.60000000 8.9943073854E-5 
21.67500000 8.6933474519E-5 
21.75000000 8.4023573832E-5 
21.82500000 8.1210109814E-5 
21.90000000 7.8489925550E-5 
21.97500000 7.5859965871E-5 
22.05000000 7.3317274139E-5 
22.12500000 7.0858989136E-5 
22.20000000 6.8482342045E-5 
22.27500000 6.6184653521E-5 
22.35000000 6.3963330860E-5 
22.42500000 6.1815865248E-5 
22.50000000 5.9739829097E-5 
22.57500000 5.7732873468E-5 
22.65000000 5.5792725568E-5 
22.72500000 5.3917186326E-5 
22.80000000 5.2104128046E-5 
22.87500000 5.0351492134E-5 
22.95000000 4.8657286889E-5 
23.02500000 4.7019585371E-5 
23.10000000 4.5436523333E-5 
23.17500000 4.3906297211E-5 
23.25000000 4.2427162190E-5 
23.32500000 4.0997430316E-5 
23.40000000 3.9615468677E-5 
23.47500000 3.8279697639E-5 
23.55000000 3.6988589132E-5 
23.62500000 3.5740665000E-5 
23.70000000 3.4534495392E-5 
23.77500000 3.3368697209E-5 
23.85000000 3.2241932604E-5 
23.92500000 3.1152907518E-5 
24.00000000 3.0100370274E-5 


0.000000000 0.3849001795 
7.5000000000E-2 0.3567835276 
0.1500000000 0.3301257525 
0.2250000000 0.3048644216 
0.3000000000 0.2809394816 
0.3750000000 0.2582931748 
0.4500000000 0.2368699580 
0.5250000000 0.2166164238 
0.6000000000 0.1974812246 
0.6750000000 0.1794149997 
0.7500000000 0.1623703040 
0.8250000000 0.1463015397 
0.9000000000 0.1311648904 
0.9375000000 0.1239328875 
0.9750000000 0.1169182568 
1.012500000 0.1101159941 
1.050000000 0.1035211951 
1.087500000 9.7129052937E-2 
1.125000000 9.0934857319E-2 
1.162500000 8.4933992106E-2 
1.200000000 7.9121933844E-2 
1.237500000 7.3494250029E-2 
1.275000000 6.8046597436E-2 
1.312500000 6.2774720489E-2 
1.350000000 5.7674449647E-2 
1.387500000 5.2741699823E-2 
1.425000000 4.7972468830E-2 
1.462500000 4.3362835856E-2 
1.500000000 3.8908959962E-2 
1.537500000 3.4607078604E-2 
1.575000000 3.0453506190E-2 
1.612500000 2.6444632648E-2 
1.650000000 2.2576922031E-2 
1.687500000 1.8846911144E-2 
1.725000000 1.5251208184E-2 
1.762500000 1.1786491422E-2 
1.800000000 8.4495078889E-3 
1.837500000 5.2370720997E-3 
1.875000000 2.1460647906E-3 
1.912500000 -8.2656831878E-4 
1.950000000 -3.6838177413E-3 
1.987500000 -6.4286114179E-3 
2.025000000 -9.0638158920E-3 
2.062500000 -1.1592237463E-2 
2.100000000 -1.4016623320E-2 
2.137500000 -1.6339662656E-2 
2.175000000 -1.8563987762E-2 
2.212500000 -2.0692175101E-2 
2.250000000 -2.2726746365E-2 
2.287500000 -2.4670169515E-2 
2.325000000 -2.6524859794E-2 
2.362500000 -2.8293180737E-2 
2.400000000 -2.9977445147E-2 
2.437500000 -3.1579916066E-2 
2.475000000 -3.3102807722E-2 
2.512500000 -3.4548286464E-2 
2.550000000 -3.5918471676E-2 
2.587500000 -3.7215436677E-2 
2.625000000 -3.8441209607E-2 
2.662500000 -3.9597774292E-2 
2.700000000 -4.0687071099E-2 
2.737500000 -4.1710997775E-2 
2.775000000 -4.2671410266E-2 
2.812500000 -4.3570123527E-2 
2.850000000 -4.4408912317E-2 
2.887500000 -4.5189511978E-2 
2.925000000 -4.5913619198E-2 
2.962500000 -4.6582892765E-2 
3.000000000 -4.7198954309E-2 
3.037500000 -4.7763389019E-2 
3.075000000 -4.8277746364E-2 
3.112500000 -4.8743540785E-2 
3.150000000 -4.9162252388E-2 
3.187500000 -4.9535327615E-2 
3.225000000 -4.9864179908E-2 
3.262500000 -5.0150190357E-2 
3.300000000 -5.0394708342E-2 
3.318750000 -5.0501820825E-2 
3.337500000 -5.0599052159E-2 
3.356250000 -5.0686562374E-2 
3.375000000 -5.0764509635E-2 
3.393750000 -5.0833050259E-2 
3.412500000 -5.0892338734E-2 
3.431250000 -5.0942527735E-2 
3.450000000 -5.0983768148E-2 
3.459375000 -5.1001079299E-2 
3.468750000 -5.1016209080E-2 
3.478125000 -5.1029175857E-2 
3.487500000 -5.1039997884E-2 
3.496875000 -5.1048693310E-2 
3.506250000 -5.1055280173E-2 
3.515625000 -5.1059776406E-2 
3.525000000 -5.1062199835E-2 
3.543750000 -5.1060899058E-2 
3.562500000 -5.1051518339E-2 
3.581250000 -5.1034196507E-2 
3.600000000 -5.1009070736E-2 
3.618750000 -5.0976276562E-2 
3.637500000 -5.0935947903E-2 
3.656250000 -5.0888217072E-2 
3.675000000 -5.0833214794E-2 
3.693750000 -5.0771070223E-2 
3.712500000 -5.0701910956E-2 
3.731250000 -5.0625863051E-2 
3.750000000 -5.0543051042E-2 
3.787500000 -5.0357625317E-2 
3.825000000 -5.0146600151E-2 
3.862500000 -4.9910918503E-2 
3.900000000 -4.9651500396E-2 
3.937500000 -4.9369243387E-2 
3.975000000 -4.9065023025E-2 
4.012500000 -4.8739693298E-2 
4.050000000 -4.8394087080E-2 
4.087500000 -4.8029016561E-2 
4.125000000 -4.7645273673E-2 
4.162500000 -4.7243630509E-2 
4.200000000 -4.6824839733E-2 
4.237500000 -4.6389634982E-2 
4.275000000 -4.5938731260E-2 
4.312500000 -4.5472825328E-2 
4.350000000 -4.4992596082E-2 
4.387500000 -4.4498704926E-2 
4.425000000 -4.3991796143E-2 
4.462500000 -4.3472497247E-2 
4.500000000 -4.2941419342E-2 
4.575000000 -4.1846290928E-2 
4.650000000 -4.0710984469E-2 
4.725000000 -3.9539832423E-2 
4.800000000 -3.8336936297E-2 
4.875000000 -3.7106176446E-2 
4.950000000 -3.5851221482E-2 
5.025000000 -3.4575537347E-2 
5.100000000 -3.3282396031E-2 
5.175000000 -3.1974883965E-2 
5.250000000 -3.0655910092E-2 
5.325000000 -2.9328213637E-2 
5.400000000 -2.7994371566E-2 
5.475000000 -2.6656805776E-2 
5.550000000 -2.5317789994E-2 
5.625000000 -2.3979456418E-2 
5.700000000 -2.2643802096E-2 
5.775000000 -2.1312695062E-2 
5.850000000 -1.9987880225E-2 
5.925000000 -1.8670985039E-2 
6.000000000 -1.7363524935E-2 
6.150000000 -1.4782442769E-2 
6.300000000 -1.2254710315E-2 
6.450000000 -9.7889254888E-3 
6.600000000 -7.3923469600E-3 
6.750000000 -5.0710225561E-3 
6.900000000 -2.8299074424E-3 
7.050000000 -6.7297280695E-4 
7.200000000 1.3966942601E-3 
7.350000000 3.3767990545E-3 
7.500000000 5.2657551169E-3 
7.650000000 7.0626071052E-3 
7.800000000 8.7669601657E-3 
7.950000000 1.0378915317E-2 
8.100000000 1.1899010401E-2 
8.250000000 1.3328166178E-2 
8.400000000 1.4667637184E-2 
8.550000000 1.5918966982E-2 
8.700000000 1.7083947468E-2 
8.850000000 1.8164581928E-2 
9.000000000 1.9163051550E-2 
9.075000000 1.9632197291E-2 
9.150000000 2.0081685111E-2 
9.225000000 2.0511824677E-2 
9.300000000 2.0922931610E-2 
9.375000000 2.1315326771E-2 
9.450000000 2.1689335588E-2 
9.525000000 2.2045287415E-2 
9.600000000 2.2383514934E-2 
9.675000000 2.2704353574E-2 
9.750000000 2.3008140977E-2 
9.825000000 2.3295216488E-2 
9.900000000 2.3565920668E-2 
9.975000000 2.3820594844E-2 
10.05000000 2.4059580681E-2 
10.12500000 2.4283219777E-2 
10.20000000 2.4491853285E-2 
10.27500000 2.4685821559E-2 
10.35000000 2.4865463818E-2 
10.42500000 2.5031117836E-2 
10.50000000 2.5183119647E-2 
10.57500000 2.5321803272E-2 
10.65000000 2.5447500468E-2 
10.72500000 2.5560540483E-2 
10.80000000 2.5661249843E-2 
10.87500000 2.5749952142E-2 
10.95000000 2.5826967856E-2 
11.02500000 2.5892614163E-2 
11.10000000 2.5947204787E-2 
11.13750000 2.5970451276E-2 
11.17500000 2.5991049849E-2 
11.21250000 2.6009038686E-2 
11.25000000 2.6024455726E-2 
11.28750000 2.6037338661E-2 
11.32500000 2.6047724935E-2 
11.36250000 2.6055651741E-2 
11.40000000 2.6061156016E-2 
11.41875000 2.6063011176E-2 
11.43750000 2.6064274438E-2 
11.45625000 2.6064950347E-2 
11.47500000 2.6065043428E-2 
11.49375000 2.6064558195E-2 
11.51250000 2.6063499141E-2 
11.53125000 2.6061870745E-2 
11.55000000 2.6059677467E-2 
11.58750000 2.6053614026E-2 
11.62500000 2.6045344172E-2 
11.66250000 2.6034902982E-2 
11.70000000 2.6022325263E-2 
11.73750000 2.6007645542E-2 
11.77500000 2.5990898071E-2 
11.81250000 2.5972116823E-2 
11.85000000 2.5951335488E-2 
11.88750000 2.5928587475E-2 
11.92500000 2.5903905912E-2 
11.96250000 2.5877323640E-2 
12.00000000 2.5848873216E-2 
12.03750000 2.5818586910E-2 
12.07500000 2.5786496707E-2 
12.11250000 2.5752634303E-2 
12.15000000 2.5717031106E-2 
12.18750000 2.5679718236E-2 
12.22500000 2.5640726524E-2 
12.26250000 2.5600086511E-2 
12.30000000 2.5557828450E-2 
12.37500000 2.5468577743E-2 
12.45000000 2.5373210626E-2 
12.52500000 2.5271958694E-2 
12.60000000 2.5165048913E-2 
12.67500000 2.5052703636E-2 
12.75000000 2.4935140619E-2 
12.82500000 2.4812573038E-2 
12.90000000 2.4685209509E-2 
12.97500000 2.4553254122E-2 
13.05000000 2.4416906462E-2 
13.12500000 2.4276361647E-2 
13.20000000 2.4131810362E-2 
13.27500000 2.3983438894E-2 
13.35000000 2.3831429175E-2 
13.42500000 2.3675958823E-2 
13.50000000 2.3517201187E-2 
13.57500000 2.3355325392E-2 
13.65000000 2.3190496388E-2 
13.72500000 2.3022875000E-2 
13.80000000 2.2852617976E-2 
13.87500000 2.2679878044E-2 
13.95000000 2.2504803958E-2 
14.02500000 2.2327540562E-2 
14.10000000 2.2148228836E-2 
14.17500000 2.1967005959E-2 
14.25000000 2.1784005363E-2 
14.32500000 2.1599356787E-2 
14.40000000 2.1413186345E-2 
14.47500000 2.1225616572E-2 
14.55000000 2.1036766493E-2 
14.62500000 2.0846751677E-2 
14.70000000 2.0655684296E-2 
14.77500000 2.0463673187E-2 
14.85000000 2.0270823911E-2 
14.92500000 2.0077238810E-2 
15.00000000 1.9883017070E-2 
15.07500000 1.9688254777E-2 
15.15000000 1.9493044979E-2 
15.22500000 1.9297477744E-2 
15.30000000 1.9101640216E-2 
15.37500000 1.8905616679E-2 
15.45000000 1.8709488610E-2 
15.52500000 1.8513334740E-2 
15.60000000 1.8317231109E-2 
15.75000000 1.7925465615E-2 
15.90000000 1.7534748798E-2 
16.05000000 1.7145597872E-2 
16.20000000 1.6758492340E-2 
16.35000000 1.6373875701E-2 
16.50000000 1.5992157111E-2 
16.65000000 1.5613713007E-2 
16.80000000 1.5238888689E-2 
16.95000000 1.4867999848E-2 
17.10000000 1.4501334059E-2 
17.25000000 1.4139152218E-2 
17.40000000 1.3781689941E-2 
17.55000000 1.3429158909E-2 
17.70000000 1.3081748168E-2 
17.85000000 1.2739625384E-2 
18.00000000 1.2402938049E-2 
18.30000000 1.1746365754E-2 
18.60000000 1.1112850755E-2 
18.90000000 1.0502959408E-2 
19.20000000 9.9170357937E-3 
19.35000000 9.6331156232E-3 
19.50000000 9.3552299121E-3 
19.65000000 9.0833713018E-3 
19.80000000 8.8175233860E-3 
19.95000000 8.5576613874E-3 
20.10000000 8.3037527998E-3 
20.25000000 8.0557579990E-3 
20.40000000 7.8136308214E-3 
20.55000000 7.5773191132E-3 
20.70000000 7.3467652499E-3 
20.85000000 7.1219066287E-3 
21.00000000 6.9026761330E-3 
21.15000000 6.6890025719E-3 
21.30000000 6.4808110942E-3 
21.45000000 6.2780235796E-3 
21.60000000 6.0805590060E-3 
21.75000000 5.8883337959E-3 
21.90000000 5.7012621413E-3 
22.05000000 5.5192563092E-3 
22.20000000 5.3422269275E-3 
22.35000000 5.1700832533E-3 
22.50000000 5.0027334232E-3 
22.65000000 4.8400846878E-3 
22.80000000 4.6820436300E-3 
22.95000000 4.5285163681E-3 
23.10000000 4.3794087457E-3 
23.25000000 4.2346265065E-3 
23.40000000 4.0940754578E-3 
23.55000000 3.9576616206E-3 
23.70000000 3.8252913692E-3 
23.85000000 3.6968715589E-3 
24.00000000 3.5723096439E-3 


0.000000000 0.000000000 
7.5000000000E-2 8.7375888157E-3 
0.1500000000 1.6827970744E-2 
0.2250000000 2.4303105255E-2 
0.3000000000 3.1193636676E-2 
0.3750000000 3.7528942898E-2 
0.4500000000 4.3337182396E-2 
0.5250000000 4.8645339626E-2 
0.6000000000 5.3479268847E-2 
0.6375000000 5.5726178811E-2 
0.6750000000 5.7863736416E-2 
0.7125000000 5.9894874171E-2 
0.7500000000 6.1822461614E-2 
0.7875000000 6.3649306515E-2 
0.8250000000 6.5378156050E-2 
0.8625000000 6.7011697960E-2 
0.9000000000 6.8552561685E-2 
0.9375000000 7.0003319483E-2 
0.9750000000 7.1366487526E-2 
1.012500000 7.2644526974E-2 
1.050000000 7.3839845037E-2 
1.087500000 7.4954796012E-2 
1.125000000 7.5991682303E-2 
1.162500000 7.6952755426E-2 
1.200000000 7.7840216991E-2 
1.237500000 7.8656219670E-2 
1.275000000 7.9402868148E-2 
1.312500000 8.0082220056E-2 
1.350000000 8.0696286884E-2 
1.387500000 8.1247034885E-2 
1.425000000 8.1736385956E-2 
1.462500000 8.2166218508E-2 
1.500000000 8.2538368314E-2 
1.537500000 8.2854629352E-2 
1.575000000 8.3116754623E-2 
1.612500000 8.3326456959E-2 
1.650000000 8.3485409814E-2 
1.668750000 8.3546367567E-2 
1.687500000 8.3595248047E-2 
1.706250000 8.3632249708E-2 
1.725000000 8.3657568681E-2 
1.743750000 8.3671398808E-2 
1.762500000 8.3673931655E-2 
1.781250000 8.3665356543E-2 
1.800000000 8.3645860563E-2 
1.818750000 8.3615628604E-2 
1.837500000 8.3574843374E-2 
1.856250000 8.3523685418E-2 
1.875000000 8.3462333145E-2 
1.893750000 8.3390962847E-2 
1.912500000 8.3309748718E-2 
1.931250000 8.3218862881E-2 
1.950000000 8.3118475404E-2 
1.987500000 8.2889865653E-2 
2.025000000 8.2625239721E-2 
2.062500000 8.2325886310E-2 
2.100000000 8.1993063210E-2 
2.137500000 8.1627997919E-2 
2.175000000 8.1231888260E-2 
2.212500000 8.0805902981E-2 
2.250000000 8.0351182345E-2 
2.287500000 7.9868838713E-2 
2.325000000 7.9359957109E-2 
2.362500000 7.8825595783E-2 
2.400000000 7.8266786755E-2 
2.437500000 7.7684536358E-2 
2.475000000 7.7079825765E-2 
2.512500000 7.6453611505E-2 
2.550000000 7.5806825975E-2 
2.587500000 7.5140377938E-2 
2.625000000 7.4455153016E-2 
2.662500000 7.3752014166E-2 
2.700000000 7.3031802159E-2 
2.737500000 7.2295336037E-2 
2.775000000 7.1543413572E-2 
2.812500000 7.0776811710E-2 
2.850000000 6.9996287010E-2 
2.887500000 6.9202576075E-2 
2.925000000 6.8396395971E-2 
2.962500000 6.7578444641E-2 
3.000000000 6.6749401313E-2 
3.075000000 6.5060664377E-2 
3.150000000 6.3335259611E-2 
3.225000000 6.1577986722E-2 
3.300000000 5.9793382380E-2 
3.375000000 5.7985731472E-2 
3.450000000 5.6159077934E-2 
3.525000000 5.4317235174E-2 
3.600000000 5.2463796101E-2 
3.675000000 5.0602142764E-2 
3.750000000 4.8735455637E-2 
3.825000000 4.6866722528E-2 
3.900000000 4.4998747168E-2 
3.975000000 4.3134157450E-2 
4.050000000 4.1275413359E-2 
4.125000000 3.9424814592E-2 
4.200000000 3.7584507879E-2 
4.275000000 3.5756494025E-2 
4.350000000 3.3942634662E-2 
4.425000000 3.2144658749E-2 
4.500000000 3.0364168811E-2 
4.575000000 2.8602646922E-2 
4.650000000 2.6861460465E-2 
4.725000000 2.5141867650E-2 
4.800000000 2.3445022812E-2 
5.100000000 1.6904853582E-2 
5.400000000 1.0797278165E-2 
5.700000000 5.1562734622E-3 
6.000000000 0.000000000 
6.150000000 -2.3942088631E-3 
6.300000000 -4.6659785658E-3 
6.450000000 -6.8161390197E-3 
6.600000000 -8.8459946626E-3 
6.675000000 -9.8163304080E-3 
6.750000000 -1.0757263311E-2 
6.825000000 -1.1669063554E-2 
6.900000000 -1.2552020476E-2 
6.975000000 -1.3406441100E-2 
7.050000000 -1.4232648730E-2 
7.125000000 -1.5030981624E-2 
7.200000000 -1.5801791720E-2 
7.275000000 -1.6545443430E-2 
7.350000000 -1.7262312492E-2 
7.425000000 -1.7952784877E-2 
7.500000000 -1.8617255756E-2 
7.575000000 -1.9256128515E-2 
7.650000000 -1.9869813819E-2 
7.725000000 -2.0458728728E-2 
7.800000000 -2.1023295857E-2 
7.875000000 -2.1563942583E-2 
7.950000000 -2.2081100288E-2 
8.025000000 -2.2575203652E-2 
8.100000000 -2.3046689976E-2 
8.175000000 -2.3495998549E-2 
8.250000000 -2.3923570046E-2 
8.325000000 -2.4329845965E-2 
8.400000000 -2.4715268091E-2 
8.475000000 -2.5080277997E-2 
8.550000000 -2.5425316569E-2 
8.625000000 -2.5750823567E-2 
8.700000000 -2.6057237208E-2 
8.775000000 -2.6344993775E-2 
8.850000000 -2.6614527255E-2 
8.925000000 -2.6866268998E-2 
9.000000000 -2.7100647398E-2 
9.075000000 -2.7318087599E-2 
9.150000000 -2.7519011221E-2 
9.225000000 -2.7703836101E-2 
9.300000000 -2.7872976060E-2 
9.337500000 -2.7951792362E-2 
9.375000000 -2.8026840687E-2 
9.412500000 -2.8098171539E-2 
9.450000000 -2.8165835133E-2 
9.487500000 -2.8229881390E-2 
9.525000000 -2.8290359930E-2 
9.562500000 -2.8347320070E-2 
9.600000000 -2.8400810820E-2 
9.637500000 -2.8450880872E-2 
9.675000000 -2.8497578604E-2 
9.712500000 -2.8540952070E-2 
9.750000000 -2.8581049000E-2 
9.787500000 -2.8617916793E-2 
9.825000000 -2.8651602516E-2 
9.862500000 -2.8682152901E-2 
9.900000000 -2.8709614340E-2 
9.937500000 -2.8734032882E-2 
9.975000000 -2.8755454233E-2 
10.01250000 -2.8773923750E-2 
10.05000000 -2.8789486443E-2 
10.06875000 -2.8796191699E-2 
10.08750000 -2.8802186968E-2 
10.10625000 -2.8807477775E-2 
10.12500000 -2.8812069626E-2 
10.14375000 -2.8815968003E-2 
10.16250000 -2.8819178366E-2 
10.18125000 -2.8821706151E-2 
10.20000000 -2.8823556775E-2 
10.20937500 -2.8824229838E-2 
10.21875000 -2.8824735630E-2 
10.22812500 -2.8825074822E-2 
10.23750000 -2.8825248085E-2 
10.24687500 -2.8825256084E-2 
10.25625000 -2.8825099488E-2 
10.26562500 -2.8824778960E-2 
10.27500000 -2.8824295163E-2 
10.29375000 -2.8822840414E-2 
10.31250000 -2.8820740518E-2 
10.33125000 -2.8818000733E-2 
10.35000000 -2.8814626293E-2 
10.38750000 -2.8805994268E-2 
10.42500000 -2.8794885857E-2 
10.46250000 -2.8781342108E-2 
10.50000000 -2.8765403704E-2 
10.53750000 -2.8747110957E-2 
10.57500000 -2.8726503814E-2 
10.61250000 -2.8703621854E-2 
10.65000000 -2.8678504286E-2 
10.68750000 -2.8651189951E-2 
10.72500000 -2.8621717322E-2 
10.76250000 -2.8590124501E-2 
10.80000000 -2.8556449224E-2 
10.87500000 -2.8483000403E-2 
10.95000000 -2.8401665382E-2 
11.02500000 -2.8312732810E-2 
11.10000000 -2.8216485487E-2 
11.17500000 -2.8113200381E-2 
11.25000000 -2.8003148662E-2 
11.32500000 -2.7886595735E-2 
11.40000000 -2.7763801275E-2 
11.47500000 -2.7635019267E-2 
11.55000000 -2.7500498053E-2 
11.62500000 -2.7360480381E-2 
11.70000000 -2.7215203448E-2 
11.77500000 -2.7064898963E-2 
11.85000000 -2.6909793195E-2 
11.92500000 -2.6750107034E-2 
12.00000000 -2.6586056054E-2 
12.07500000 -2.6417850569E-2 
12.15000000 -2.6245695704E-2 
12.22500000 -2.6069791456E-2 
12.30000000 -2.5890332762E-2 
12.37500000 -2.5707509568E-2 
12.45000000 -2.5521506900E-2 
12.52500000 -2.5332504931E-2 
12.60000000 -2.5140679057E-2 
12.67500000 -2.4946199965E-2 
12.75000000 -2.4749233710E-2 
12.82500000 -2.4549941785E-2 
12.90000000 -2.4348481198E-2 
12.97500000 -2.4145004545E-2 
13.05000000 -2.3939660085E-2 
13.12500000 -2.3732591813E-2 
13.20000000 -2.3523939539E-2 
13.35000000 -2.3102421731E-2 
13.50000000 -2.2676144228E-2 
13.65000000 -2.2246082380E-2 
13.80000000 -2.1813151696E-2 
13.95000000 -2.1378210187E-2 
14.10000000 -2.0942060690E-2 
14.25000000 -2.0505453146E-2 
14.40000000 -2.0069086845E-2 
14.55000000 -1.9633612627E-2 
14.70000000 -1.9199635035E-2 
14.85000000 -1.8767714413E-2 
15.00000000 -1.8338368957E-2 
15.15000000 -1.7912076713E-2 
15.30000000 -1.7489277509E-2 
15.45000000 -1.7070374842E-2 
15.60000000 -1.6655737698E-2 
15.75000000 -1.6245702319E-2 
15.90000000 -1.5840573906E-2 
16.05000000 -1.5440628271E-2 
16.20000000 -1.5046113420E-2 
16.35000000 -1.4657251089E-2 
16.50000000 -1.4274238211E-2 
16.65000000 -1.3897248340E-2 
16.80000000 -1.3526433004E-2 
17.10000000 -1.2803829715E-2 
17.40000000 -1.2107248374E-2 
17.70000000 -1.1437234671E-2 
18.00000000 -1.0794094278E-2 
18.30000000 -1.0177924122E-2 
18.60000000 -9.5886407771E-3 
18.90000000 -9.0260061634E-3 
19.20000000 -8.4896507211E-3 
19.35000000 -8.2311814227E-3 
19.50000000 -7.9790942445E-3 
19.65000000 -7.7333149339E-3 
19.80000000 -7.4937645445E-3 
19.95000000 -7.2603599131E-3 
20.10000000 -7.0330141078E-3 
20.25000000 -6.8116368503E-3 
20.40000000 -6.5961349130E-3 
20.55000000 -6.3864124920E-3 
20.70000000 -6.1823715565E-3 
20.85000000 -5.9839121773E-3 
21.00000000 -5.7909328329E-3 
21.15000000 -5.6033306970E-3 
21.30000000 -5.4210019063E-3 
21.45000000 -5.2438418100E-3 
21.60000000 -5.0717452024E-3 
21.75000000 -4.9046065396E-3 
21.90000000 -4.7423201395E-3 
22.05000000 -4.5847803681E-3 
22.20000000 -4.4318818112E-3 
22.35000000 -4.2835194334E-3 
22.50000000 -4.1395887242E-3 
22.65000000 -3.9999858322E-3 
22.80000000 -3.8646076882E-3 
22.95000000 -3.7333521177E-3 
23.10000000 -3.6061179436E-3 
23.25000000 -3.4828050792E-3 
23.40000000 -3.3633146121E-3 
23.55000000 -3.2475488805E-3 
23.70000000 -3.1354115411E-3 
23.85000000 -3.0268076292E-3 
24.00000000 -2.9216436129E-3 
